002920
601838
603056
300733
002925
601828
300736
603161
300664
002923
603080
603329
002922
603655
300735
002921
300684
002920
603283
002919
002918
603477
600025
603890
300732
002916
300731
002917
300730
002915
603917
300729
002913
603848
603711
603809
603685
300727
300726
603661
002912
002911
603365
601019
603970
600933
300723
603605
300721
002864
603278
603076
300725
603916
603083
300722
300719
300716
600903
300720
300717
603856
603507
300718
603659
603937
603912
300711
603289
300713
300712
603260
002910
603722
603607
002909
601108
300715
603922
002907
603683
603466
002908
603396
300710
300709
603829
300708
002905
603499
002906
603110
002903
603103
300707
300705
601086
002902
603378
603367
603136
300706
603363
300654
603157
002901
603963
002900
603055
603106
300703
603533
300702
603813
603321
002893
002899
300701
603648
603386
300700
603277
002898
603882
002897
300695
603725
603527
603183
300697
603500
300699
603359
300698
002896
002895
603127
603181
603079
300696
603976
300693
002891
601949
300692
603557
603129
002892
603776
601326
603619
300691
603721
300689
300688
603458
300690
603602
603535
300683
603978
603880
300686
300687
300685
002890
603860
603825
603357
300682
002887
603233
300679
603730
603063
002889
300681
300680
300678
300677
002888
603676
601619
603707
603612
603387
300676
300675
603595
300673
603757
002884
603305
300672
603933
603331
300671
300670
603617
603801
300669
603938
603286
603043
002885
002886
601878
002882
603380
603679
603335
002881
002883
603316
300667
300668
603980
603226
300666
603879
002880
603767
603536
002879
300665
300663
300662
603496
002877
300661
603042
300660
002878
603326
603200
002875
603196
300659
300658
002876
603580
603855
300657
300655
603383
002872
603197
300656
002873
603758
603269
300652
603488
002870
601952
300653
603180
002871
002869
603113
603086
603926
603896
603728
603229
603985
300651
300649
603501
300650
300643
603505
300647
002868
603320
002867
603787
300514
002866
603920
603096
002865
300648
300645
300642
603232
300554
603139
603081
603803
603225
300641
002863
300640
300604
603826
603050
002861
603797
300639
300637
601366
002862
002860
603078
300638
603538
300633
300632
603906
603586
300635
603385
002859
300636
603303
603041
601228
603833
603178
603717
002858
002774
603768
603388
300630
300631
300629
300627
002857
603656
300626
603133
002856
002855
603517
603179
300625
300628
603811
300623
300621
603960
603903
300622
603665
603630
300620
603955
002852
603991
002853
603908
300618
300616
603578
603138
002851
002850
300619
300617
603345
603238
600939
300611
603817
300613
603603
002849
601212
300615
300612
300609
002848
603615
603330
300610
603839
603208
300608
603626
603040
300607
603637
300605
300601
603177
002847
002846
603677
603360
300606
603881
300603
300602
603089
300600
300578
603966
603358
002845
603429
300597
002839
601881
300599
300598
603638
603037
002843
603337
300592
002841
601858
300596
300595
603668
603165
002842
603038
300593
300589
603690
603039
002824
603639
300584
300580
603628
603579
300590
603689
603266
300591
603877
300583
002840
603228
300587
002838
603035
603032
300588
603444
603186
300586
603239
002836
603929
300585
603218
002837
002833
601375
300582
603886
002835
603298
002832
600996
603058
300579
603577
300581
603416
300577
603823
300576
603878
300575
603389
002831
603585
002829
603098
002830
603708
300571
603928
300573
603036
002828
603990
002827
603033
300570
600909
300572
002826
603319
300568
603559
002825
603660
002822
603323
300569
603819
002823
603336
603900
300567
603727
300565
603987
002821
603858
002820
603633
300562
300561
300566
601229
300563
603977
603556
603060
002819
603203
300558
300556
601882
002818
300557
300560
603716
300559
603888
603258
600926
002817
603667
002816
603859
300552
300553
300550
300555
603160
300551
603816
603313
300548
603777
002813
603421
002815
603887
300547
601128
300549
300546
603738
300545
600908
300536
601500
300542
603189
300541
603067
300534
603393
002812
601163
002811
300543
603843
002807
603658
300539
300537
603090
002810
603007
300538
002809
603031
300540
603515
300533
603986
601595
300532
601997
600936
002808
603159
300535
603569
300530
600977
601811
300531
300528
300527
300529
300526
600919
603663
603322
300525
002806
300523
300517
002803
603069
300520
002805
300521
300522
601966
603016
002802
603958
603909
300518
002801
300519
601127
300515
002799
603131
601611
300516
603737
002800
300513
300512
002798
603339
603959
603779
002797
002796
300510
603101
300511
603528
300507
002795
603822
603029
300509
603726
300508
002793
603868
603701
603798
300474
603028
002791
002792
300506
300484
603861
300505
601020
002789
603919
300503
603520
002790
603027
300502
603608
002788
601900
603377
300501
300500
300499
002778
603778
603299
300494
300491
300490
002787
002777
603996
603866
603508
300495
300492
002786
002785
002782
002781
300497
300496
603999
603936
603800
603696
603398
300493
002780
002779
002783
300488
300480
603979
603223
603085
300489
300487
300486
300482
300481
002770
603838
603589
603117
603116
601211
300483
002776
002775
002771
002769
002768
300485
002773
002772
603616
603066
601968
300479
300476
300473
300472
300471
300469
002767
002766
002760
601985
601368
300478
300477
300475
300470
300464
002765
002763
002762
002761
603026
603918
603901
603669
603568
603300
603198
300465
603885
603598
603108
603023
300468
300467
300466
300463
300462
002759
002758
002757
300461
603989
603968
603566
603311
002753
603718
603227
603022
300458
300456
300455
300453
300450
002755
603599
603355
300460
300459
300457
300452
300451
300414
002756
300442
300438
300434
300404
002751
603315
603021
600959
300448
300446
300444
300441
300440
300437
603883
603818
603808
603789
603703
603567
603318
603025
300447
300445
300443
300439
300436
300424
002752
300449
300435
603338
603869
603199
603158
603030
603020
603012
300431
300429
002750
002749
002747
603729
603519
603268
601689
600958
300432
300430
300428
300374
002748
300433
603997
603969
603828
603015
603939
603898
603618
603309
603222
603118
601198
300427
300426
300423
300422
300421
300420
300394
002745
002743
002742
300425
002746
002741
603799
603698
603899
603686
603600
603558
300419
300416
603678
603611
603601
601069
300417
300415
300364
002740
002739
002734
300418
300413
603788
601021
603889
603636
603017
603588
300412
300411
300410
002738
002736
002737
601226
603998
601969
300408
603518
603368
300409
300407
002735
002733
002732
603166
603088
603011
603988
603688
603019
601015
002731
002724
300406
300405
300403
603606
300402
300400
603456
603169
603018
603010
300401
300399
300398
002730
600917
603306
601016
300396
300392
603806
603188
300397
300395
300393
002729
601579
603099
603609
300391
300389
300388
300384
603126
603111
603100
300390
002728
603009
300387
603369
002727
603168
603328
603006
300386
300385
002726
002717
002715
002713
603288
603005
300383
300369
300367
300363
300382
300379
002725
002723
002722
002719
002718
601225
300381
300380
300378
300376
002716
002714
002711
300377
300372
300366
002721
603555
300375
300373
300371
300368
300365
002707
603308
300370
300359
002712
002709
002708
300362
300360
002706
603699
300358
300357
002705
002703
002702
002701
603993
300356
300355
300351
300353
002700
300354
300352
002699
002698
002697
002695
002696
603167
603399
300350
300349
603003
300348
002694
300347
603766
002693
300346
002692
601038
300345
002691
300344
300343
002690
603077
300338
300342
300341
300340
300339
300337
002689
603008
002688
002687
300335
300336
601608
300334
002686
300333
300332
300331
300329
300328
300330
300326
300327
002684
002682
601339
601965
300324
002685
002683
300322
002681
002680
300320
002679
300325
300323
002678
603128
300319
300318
002676
002675
300321
002677
603366
603002
300317
300316
300315
603333
300312
002674
300314
002673
603123
603001
603000
002671
300313
002672
300311
300310
601388
002670
002669
002668
601012
300309
300308
300306
002667
300307
300305
002665
002666
300304
300302
300301
300303
300299
300300
002660
300298
002663
300297
300296
002664
002661
002659
300295
300294
002662
002658
300293
300292
002657
002656
601800
601929
601231
002655
300290
300289
300288
601515
002654
300291
300287
002652
002653
601313
300286
300285
300283
300284
002651
002650
002649
300279
300282
300281
300280
002647
002648
002646
002644
002645
002643
002642
601336
300278
601555
002641
002640
002634
601928
002639
002638
002637
002636
002635
300277
002633
002632
002630
300276
002631
002592
601028
002629
002625
300275
002628
300274
300272
002627
601100
002626
300273
002624
300271
002622
601669
300270
300269
002623
002619
601996
002621
002620
601633
300266
300268
300267
002616
002617
601677
300263
002618
300264
300265
300262
002615
002614
601908
300261
300260
002613
002612
300259
300258
002611
601886
300257
300256
300255
300254
601789
300253
601636
002610
002609
002608
601901
601222
300252
002607
002606
300251
002605
300250
300249
300248
002604
002603
300247
002602
300246
300245
300244
002601
002600
002599
300243
300242
300241
002598
002597
300240
300239
300238
601058
002596
002594
300237
300236
300235
002595
002593
300234
300233
300232
601798
002591
300231
300230
300229
601567
002590
002589
002588
002587
300228
300227
300226
601311
601010
002586
002585
002584
300225
300224
300223
601566
601599
002583
300222
300221
300220
601208
002582
300219
300218
300217
601233
002581
300216
300215
300214
601218
601113
002580
002579
300213
300212
300211
002578
002577
002576
601258
300210
300209
300208
002575
002574
300207
300206
300205
002573
300204
300203
300202
002572
002571
002570
002569
300201
300200
300199
300198
300197
300196
300195
002568
002567
300194
300193
300192
601199
002566
002565
300191
300190
300189
300188
002564
002563
002562
300187
300186
300185
601011
002561
002560
002559
601116
002558
002557
002556
002555
002554
002553
002552
002551
601216
300184
300183
300182
300181
300180
002550
002549
002548
002547
601992
300179
300178
300177
300176
300175
601799
601616
002546
002545
300174
300173
300172
300171
300170
601519
601137
002544
002543
002542
300169
300168
300167
300166
300165
601700
002541
002540
002539
002538
601558
300164
300163
300162
300161
300160
002537
002536
002535
002534
601118
300159
300158
300157
300156
300155
601126
002533
002532
002531
002530
300154
300153
300152
601890
002529
002528
002527
300151
300150
300149
002526
002525
002524
601933
300148
300147
300146
002523
002522
002521
002520
300145
300144
300143
002519
002518
002517
002516
601880
002515
002514
002513
002512
601777
002511
002510
002509
002508
002507
002506
002505
002504
002503
002502
002501
300142
300141
300140
300139
002500
002499
002498
002497
002496
600998
300138
300137
300136
601098
002495
002494
002493
002492
300135
300134
300133
300132
002491
002490
002489
002488
300131
300130
300129
601377
601177
002487
002486
002485
300128
300127
300126
300125
002484
002483
002482
601018
300124
300123
300122
002481
002480
002479
002478
300121
300120
300119
002477
002476
002475
002474
002473
002472
002471
002470
002469
002468
002467
300118
300117
300116
300115
002466
002465
002464
300114
300113
300112
300111
300110
300109
300108
601818
300107
300106
300105
601718
002463
002462
002461
300104
300103
300102
002460
002459
002458
300101
300100
300099
002457
002456
002455
601717
300098
300097
300096
300095
002454
002453
002452
002451
601288
002450
002449
002448
002414
002447
002446
002445
002444
300094
300093
300092
002443
002442
002441
002440
601000
300091
300090
300089
002439
002438
002437
002396
002436
002435
002434
002433
002432
002431
002430
002429
002428
002427
002426
002425
002424
002423
002422
002421
002420
002419
002418
002417
002416
002415
002413
300088
300087
300086
300085
002412
002411
002410
002409
300084
300083
300082
300081
300080
002408
002407
002406
002405
002404
002403
002402
002401
002400
002399
002398
300079
300078
300077
300076
002397
002395
601369
300075
300074
300073
300072
002394
002393
002392
300071
300070
300069
300068
300067
002391
002390
002389
002388
002387
002386
002385
002384
002383
002382
002381
601101
002380
002379
002378
300066
300065
300064
300063
601158
002377
002376
002375
300062
300061
300059
002374
002373
002372
002371
002370
002369
002368
002367
002366
002365
002364
002363
601688
002362
002361
002360
601678
300058
300057
300056
300055
300054
300053
300052
300051
601106
002359
002358
002357
002356
002355
002354
002353
002352
002351
601268
002350
002349
002348
601179
002347
002346
002345
002344
002343
002342
601877
002341
002340
002339
300050
300049
300048
300047
300046
300045
300044
300043
601801
002338
002337
002336
002335
002334